       1      3.99087
       2      3.83826
       3      3.79348
       4      3.73348
       5      3.72652
       6      3.59174
       7      3.48000
       8      3.45478
       9      3.44565
      10      3.39087
      11      3.31783
      12      3.26217
      13      3.18652
      14      3.04478
      15      3.00348
      16      2.84783
      17      2.83304
      18      2.75870
      19      2.57957
      20      2.51783
      21      2.45652
      22      2.39696
      23      2.34478
      24      2.27783
      25      2.34783
      26      2.26000
      27      2.31304
      28      2.19087
      29      2.15522
      30      2.02042
      31      1.87792
      32      1.86750
      33      1.83125
      34      1.83542
      35      1.81708
      36      1.80750
      37      1.71708
      38      1.68208
      39      1.65750
      40      1.60208
      41      1.57000
      42      1.59208
      43      1.63625
      44      1.56542
      45      1.56583
      46      1.60375
      47      1.63542
      48      1.47167
      49      1.48292
      50      1.53417
      51      1.59458
      52      1.56292
      53      1.52125
      54      1.53625
      55      1.48750
      56      1.50417
      57      1.49250
      58      1.46458
      59      1.48125
      60      1.44875
      61      1.41292
      62      1.39083
      63      1.41083
      64      1.45333
      65      1.47417
      66      1.47083
      67      1.50833
      68      1.51167
      69      1.55583
      70      1.53160
      71      1.42160
      72      1.48520
      73      1.56240
      74      1.59000
      75      1.58000
      76      1.62280
      77      1.66120
      78      1.71720
      79      1.71400
      80      1.71680
      81      1.74440
      82      1.84280
      83      1.89320
      84      1.91240
      85      1.91000
      86      1.84800
      87      1.93080
      88      1.92320
      89      1.96160
      90      1.96560
      91      1.96320
      92      1.99880
      93      1.96120
      94      2.00040
      95      2.02520
      96      2.16640
      97      2.32920
      98      2.38000
      99      2.44000
     100      2.47200
     101      2.42720
     102      2.43720
     103      2.49480
     104      2.55840
     105      2.59120
     106      2.72240
     107      2.81200
     108      2.87360
     109      2.89040
     110      2.98920
     111      3.05880
     112      3.05160
     113      3.18480
     114      3.29920
     115      3.42240
     116      3.48400
     117      3.49240
     118      3.67080
     119      3.71360
     120      3.77840
     121      3.96000
     122      3.98160
     123      4.01400
     124      4.32960
     125      4.45560
     126      4.52680
     127      4.62720
     128      4.66400
     129      4.64720
     130      4.80000
     131      5.02760
     132      5.13840
     133      5.22760
     134      5.40960
     135      5.44560
     136      5.49040
     137      5.70920
     138      5.82000
     139      6.28280
     140      6.34920
     141      6.59680
     142      6.76280
     143      6.83680
     144      7.02720
     145      7.37320
     146      7.46520
     147      7.72040
     148      8.08800
     149      8.24160
     150      8.49360
     151      8.71680
     152      8.82440
     153      8.90000
     154      8.94280
     155      9.22320
     156      9.49600
     157      9.86000
     158      10.1960
     159      10.6476
     160      10.8284
     161      11.0204
     162      11.4580
     163      11.5008
     164      11.9744
     165      12.3432
     166      12.4576
     167      12.5936
     168      13.0408
     169      13.3784
     170      13.4760
     171      13.9584
     172      14.2580
     173      14.3252
     174      14.7080
     175      15.0124
     176      15.2028
     177      15.4224
     178      15.5488
     179      15.7236
     180      15.9528
     181      16.2132
     182      16.2852
     183      16.2004
     184      16.3172
     185      16.6252
     186      16.7848
     187      16.9688
     188      17.2236
     189      17.5832
     190      17.7764
     191      17.8576
     192      18.0344
     193      18.3140
     194      18.5800
     195      18.9032
     196      19.0876
     197      19.3368
     198      19.3748
     199      19.6468
     200      19.6664
     201      19.6804
     202      19.8624
     203      19.9992
     204      20.0276
     205      20.2664
     206      20.1388
     207      20.2008
     208      20.1452
     209      20.2672
     210      20.4216
     211      20.5432
     212      20.7600
     213      20.6852
     214      20.8880
     215      20.9676
     216      21.1048
     217      20.8528
     218      20.9628
     219      21.1296
     220      21.2688
     221      21.2716
     222      21.2484
     223      21.1448
     224      20.9888
     225      21.1236
     226      21.0728
     227      21.1072
     228      21.0544
     229      21.0700
     230      20.8972
     231      20.9396
     232      20.8784
     233      20.7656
     234      20.7656
     235      20.6672
     236      20.6412
     237      20.6020
     238      20.8736
     239      20.7492
     240      20.7608
     241      20.8668
     242      20.7688
     243      20.7276
     244      20.6268
     245      20.6528
     246      20.7192
     247      20.6860
     248      20.6676
     249      20.4764
     250      20.2120
     251      20.0616
     252      19.9860
     253      19.8104
     254      19.6000
     255      19.4208
     256      19.1992
     257      19.0552
     258      19.0280
     259      18.7732
     260      18.4144
     261      18.0920
     262      18.0644
     263      17.9948
     264      17.9056
     265      17.7288
     266      17.5436
     267      17.4112
     268      17.2644
     269      17.1612
     270      17.0224
     271      16.7392
     272      16.4840
     273      16.2840
     274      16.0796
     275      15.8632
     276      15.7452
     277      15.4648
     278      15.3392
     279      15.2152
     280      15.0040
     281      14.8612
     282      14.6356
     283      14.6468
     284      14.3960
     285      14.1668
     286      13.9208
     287      13.6808
     288      13.4284
     289      13.2576
     290      13.1828
     291      13.0252
     292      12.9252
     293      12.7232
     294      12.5796
     295      12.4016
     296      12.2472
     297      12.1112
     298      11.9704
     299      11.8877
     300      11.7869
     301      11.4623
     302      11.2058
     303      10.9262
     304      10.8892
     305      10.6600
     306      10.5531
     307      10.4565
     308      10.2827
     309      10.1923
     310      10.0362
     311      9.92654
     312      9.83192
     313      9.62692
     314      9.54192
     315      9.47346
     316      9.20269
     317      8.99731
     318      8.84461
     319      8.75692
     320      8.65462
     321      8.53231
     322      8.35077
     323      8.24885
     324      8.09308
     325      7.99423
     326      7.82615
     327      7.72385
     328      7.61769
     329      7.52231
     330      7.38500
     331      7.30192
     332      7.20885
     333      7.03423
     334      6.85808
     335      6.79615
     336      6.80308
     337      6.70885
     338      6.32269
     339      6.21885
     340      6.11077
     341      6.04038
     342      5.94231
     343      5.80962
     344      5.71538
     345      5.63192
     346      5.52539
     347      5.36154
     348      5.28462
     349      5.13731
     350      5.01923
     351      4.93231
     352      4.87885
     353      4.86269
     354      4.77731
     355      4.76885
     356      4.72038
     357      4.62346
     358      4.56077
     359      4.51500
     360      4.39692
     361      4.40115
     362      4.31231
     363      4.23269
     364      4.11654
     365      3.87407
     366      4.33833
