       1      3.09348
       2      2.86522
       3      2.84087
       4      2.77783
       5      2.65478
       6      2.57652
       7      2.49870
       8      2.35696
       9      2.33478
      10      2.26261
      11      2.29043
      12      2.27478
      13      2.16087
      14      2.07739
      15      2.03739
      16      1.92217
      17      1.87348
      18      1.82261
      19      1.75261
      20      1.62087
      21      1.49043
      22      1.43522
      23      1.40652
      24      1.38391
      25      1.41522
      26      1.34348
      27      1.20478
      28      1.16783
      29      1.17304
      30      1.11652
      31      1.13652
      32      1.15609
      33      1.12522
      34      1.10957
      35      1.11522
      36      1.02304
      37      1.05174
      38      1.06044
      39      1.03783
      40     0.966667
      41     0.975417
      42     0.945834
      43     0.943334
      44     0.886667
      45     0.845000
      46     0.843333
      47     0.881250
      48     0.915000
      49     0.875833
      50     0.923750
      51     0.890000
      52     0.906956
      53     0.919565
      54     0.902174
      55     0.804783
      56     0.813043
      57     0.826087
      58     0.840870
      59     0.838261
      60     0.837826
      61     0.828261
      62     0.824348
      63     0.836087
      64     0.862609
      65     0.897391
      66     0.871739
      67     0.939131
      68     0.956522
      69     0.966522
      70     0.993333
      71     0.834583
      72     0.865000
      73     0.880000
      74     0.844583
      75     0.904583
      76     0.966667
      77      1.01792
      78      1.04208
      79      1.07958
      80      1.11333
      81      1.20750
      82      1.22792
      83      1.27542
      84      1.32375
      85      1.43708
      86      1.48958
      87      1.55917
      88      1.68250
      89      1.67625
      90      1.82375
      91      1.95250
      92      1.98542
      93      2.04583
      94      2.13875
      95      2.32458
      96      2.58917
      97      2.79833
      98      2.90000
      99      2.99792
     100      3.13542
     101      3.13750
     102      3.29840
     103      3.27240
     104      3.42080
     105      3.67640
     106      4.09480
     107      4.19920
     108      4.40040
     109      4.58120
     110      4.68240
     111      4.78880
     112      4.96600
     113      5.14520
     114      5.28680
     115      5.44240
     116      5.58520
     117      5.70960
     118      5.86720
     119      6.02600
     120      6.30000
     121      6.49920
     122      6.89840
     123      7.08760
     124      7.37160
     125      7.54640
     126      7.97640
     127      8.24120
     128      8.73760
     129      8.89120
     130      9.01520
     131      9.16160
     132      9.24240
     133      9.53400
     134      9.81320
     135      10.3260
     136      10.3520
     137      10.3796
     138      10.5388
     139      10.8784
     140      11.1212
     141      11.2892
     142      11.7668
     143      11.9588
     144      12.0724
     145      12.3988
     146      12.7076
     147      13.1856
     148      13.3688
     149      13.8712
     150      14.2400
     151      14.4476
     152      14.3380
     153      14.5292
     154      14.5120
     155      14.8752
     156      14.8740
     157      15.0504
     158      15.5224
     159      15.7508
     160      16.1424
     161      16.3420
     162      16.5056
     163      16.7332
     164      16.9096
     165      17.2768
     166      17.7500
     167      17.9884
     168      18.2276
     169      18.5416
     170      18.7784
     171      19.1524
     172      19.1524
     173      19.5556
     174      19.6208
     175      20.0380
     176      20.3244
     177      20.3364
     178      20.4176
     179      20.6424
     180      20.8228
     181      20.8332
     182      20.8720
     183      20.9644
     184      20.9956
     185      21.1268
     186      21.1896
     187      21.3940
     188      21.5908
     189      21.8264
     190      21.9416
     191      21.8052
     192      21.9080
     193      22.1172
     194      22.3464
     195      22.6976
     196      22.7776
     197      23.0428
     198      22.8244
     199      22.9456
     200      22.9356
     201      23.1508
     202      23.0944
     203      23.0640
     204      23.1712
     205      23.1204
     206      23.0796
     207      23.0828
     208      23.1012
     209      23.1588
     210      23.3800
     211      23.4624
     212      23.5884
     213      23.7456
     214      23.7272
     215      23.8624
     216      23.8952
     217      23.8432
     218      23.6028
     219      23.6760
     220      23.6708
     221      23.6644
     222      23.6348
     223      23.6564
     224      23.5148
     225      23.6020
     226      23.6480
     227      23.6436
     228      23.5256
     229      23.5208
     230      23.4832
     231      23.4760
     232      23.2976
     233      23.2632
     234      23.1696
     235      23.1924
     236      23.0908
     237      22.9808
     238      22.9040
     239      23.1488
     240      22.9512
     241      23.0748
     242      23.0152
     243      22.8808
     244      22.8628
     245      22.8620
     246      22.8752
     247      22.7864
     248      22.7404
     249      22.7096
     250      22.5876
     251      22.5288
     252      22.1772
     253      21.9516
     254      21.6560
     255      21.5576
     256      21.3644
     257      21.3152
     258      21.2300
     259      21.3376
     260      21.0880
     261      20.8884
     262      20.5532
     263      20.5612
     264      20.3864
     265      20.2452
     266      19.9912
     267      19.9064
     268      19.6988
     269      19.6344
     270      19.5308
     271      19.3516
     272      19.1672
     273      18.9384
     274      18.5400
     275      18.4224
     276      18.2516
     277      17.8660
     278      17.9228
     279      17.6952
     280      17.6068
     281      17.4336
     282      17.3000
     283      17.2688
     284      17.1212
     285      16.7988
     286      16.5532
     287      16.4376
     288      16.1248
     289      15.8888
     290      15.7560
     291      15.6616
     292      15.4412
     293      15.1772
     294      14.9984
     295      14.7692
     296      14.5384
     297      14.4100
     298      14.2258
     299      14.0273
     300      13.9258
     301      13.6488
     302      13.4973
     303      13.1496
     304      12.9635
     305      12.7646
     306      12.5673
     307      12.5200
     308      12.3612
     309      12.0827
     310      12.0027
     311      11.8985
     312      11.8081
     313      11.5881
     314      11.4662
     315      11.3212
     316      11.1815
     317      10.9692
     318      10.8177
     319      10.5900
     320      10.3562
     321      10.1231
     322      9.66538
     323      9.54038
     324      9.40885
     325      9.27423
     326      9.08500
     327      9.00308
     328      8.86000
     329      8.72269
     330      8.63500
     331      8.44846
     332      8.29115
     333      8.12885
     334      7.91154
     335      7.69500
     336      7.59385
     337      7.43308
     338      7.15808
     339      6.80692
     340      6.61192
     341      6.43500
     342      6.33346
     343      6.17269
     344      6.03692
     345      5.90769
     346      5.79769
     347      5.64269
     348      5.51038
     349      5.27231
     350      5.07731
     351      4.76192
     352      4.48500
     353      4.45077
     354      4.34154
     355      4.21961
     356      4.15615
     357      4.09500
     358      4.04846
     359      3.83962
     360      3.80462
     361      3.69308
     362      3.54538
     363      3.42577
     364      3.17154
     365      2.98593
     366      3.32833
