       1      4.30696
       2      4.26696
       3      4.30783
       4      4.21304
       5      4.12435
       6      4.09000
       7      3.90391
       8      3.74130
       9      3.74043
      10      3.62783
      11      3.56870
      12      3.53739
      13      3.48348
      14      3.30130
      15      3.18087
      16      3.08739
      17      3.03739
      18      2.99913
      19      2.94043
      20      2.81739
      21      2.67522
      22      2.69261
      23      2.58478
      24      2.52435
      25      2.50913
      26      2.44261
      27      2.40565
      28      2.34000
      29      2.34174
      30      2.21708
      31      2.18708
      32      2.19833
      33      2.16500
      34      2.16083
      35      2.18667
      36      2.13417
      37      2.12250
      38      2.13417
      39      2.07583
      40      2.11625
      41      2.03542
      42      2.00083
      43      1.95375
      44      1.87458
      45      1.80667
      46      1.79167
      47      1.76833
      48      1.77875
      49      1.72417
      50      1.72083
      51      1.74250
      52      1.72458
      53      1.76500
      54      1.66125
      55      1.64958
      56      1.71125
      57      1.70917
      58      1.67958
      59      1.66750
      60      1.61500
      61      1.60500
      62      1.62250
      63      1.60625
      64      1.58375
      65      1.58417
      66      1.61875
      67      1.62583
      68      1.65250
      69      1.68750
      70      1.64280
      71      1.69240
      72      1.71240
      73      1.71840
      74      1.74960
      75      1.75840
      76      1.76480
      77      1.73880
      78      1.82040
      79      1.85640
      80      1.86960
      81      1.85120
      82      1.91360
      83      1.98120
      84      2.01000
      85      2.03760
      86      1.97640
      87      1.99600
      88      2.08680
      89      2.16000
      90      2.19160
      91      2.15920
      92      2.17080
      93      2.25000
      94      2.32080
      95      2.32400
      96      2.26480
      97      2.37520
      98      2.39840
      99      2.51920
     100      2.58560
     101      2.57400
     102      2.70040
     103      2.72560
     104      2.80400
     105      2.84920
     106      3.10200
     107      3.10320
     108      3.07920
     109      3.11520
     110      3.25040
     111      3.37280
     112      3.43040
     113      3.57640
     114      3.69880
     115      3.53080
     116      3.63040
     117      3.68960
     118      3.81680
     119      3.97320
     120      4.00920
     121      4.40960
     122      4.55600
     123      4.69120
     124      4.73560
     125      4.90080
     126      5.02840
     127      5.32400
     128      5.48440
     129      5.74880
     130      5.63040
     131      5.75840
     132      5.75880
     133      5.86200
     134      5.96160
     135      6.34200
     136      6.44680
     137      6.46520
     138      6.62920
     139      6.85720
     140      7.11000
     141      7.35720
     142      7.48520
     143      7.81600
     144      8.02240
     145      8.34960
     146      8.66080
     147      9.10120
     148      9.51440
     149      9.82000
     150      10.3472
     151      10.4676
     152      10.2656
     153      10.2640
     154      10.3248
     155      10.5196
     156      10.6248
     157      10.8816
     158      11.6568
     159      12.0260
     160      12.0600
     161      12.2836
     162      12.7280
     163      13.0548
     164      13.5092
     165      13.8172
     166      14.2840
     167      14.5548
     168      14.6332
     169      14.8484
     170      15.3452
     171      15.6048
     172      15.7736
     173      15.9560
     174      16.2132
     175      16.4444
     176      16.9236
     177      17.3312
     178      17.2328
     179      17.7168
     180      17.6528
     181      17.7012
     182      17.8532
     183      17.7760
     184      17.8980
     185      18.3664
     186      18.3416
     187      18.5188
     188      18.6472
     189      18.7864
     190      18.9928
     191      19.0560
     192      19.0516
     193      19.1796
     194      19.6552
     195      19.9056
     196      20.0008
     197      20.2184
     198      20.4048
     199      20.5824
     200      20.5948
     201      20.6732
     202      20.4920
     203      20.9472
     204      21.1320
     205      21.0680
     206      21.0168
     207      21.2820
     208      21.3296
     209      21.0444
     210      21.2588
     211      21.4388
     212      21.5772
     213      21.9136
     214      21.5968
     215      21.8952
     216      22.2496
     217      22.1992
     218      21.9324
     219      21.7564
     220      21.8280
     221      21.9788
     222      22.0260
     223      22.0244
     224      21.9292
     225      21.9484
     226      21.9196
     227      22.0000
     228      21.9528
     229      21.9948
     230      21.8896
     231      21.7308
     232      21.6692
     233      21.6488
     234      21.5792
     235      21.3860
     236      21.3360
     237      21.3116
     238      21.1980
     239      21.4264
     240      21.3128
     241      21.3136
     242      21.3024
     243      21.3272
     244      21.2480
     245      21.2608
     246      21.1228
     247      21.2020
     248      21.1276
     249      21.0576
     250      20.9956
     251      20.7912
     252      20.7040
     253      20.4816
     254      20.1312
     255      19.8952
     256      19.6912
     257      19.5352
     258      19.5028
     259      19.4320
     260      19.2372
     261      19.0556
     262      18.8436
     263      18.7992
     264      18.7588
     265      18.6532
     266      18.3120
     267      18.1496
     268      18.1056
     269      18.0148
     270      17.8636
     271      17.6744
     272      17.4232
     273      17.3284
     274      16.9340
     275      16.8136
     276      16.4004
     277      16.0248
     278      15.9012
     279      15.7144
     280      15.4860
     281      15.2184
     282      15.0272
     283      14.8744
     284      14.8244
     285      14.5700
     286      14.5156
     287      14.2996
     288      14.0988
     289      13.8760
     290      13.5844
     291      13.3352
     292      13.1376
     293      12.9064
     294      12.7720
     295      12.4572
     296      12.3508
     297      12.2116
     298      12.0585
     299      11.8342
     300      11.7423
     301      11.5319
     302      11.3085
     303      11.0596
     304      10.8677
     305      10.7658
     306      10.5958
     307      10.4546
     308      10.3215
     309      10.0727
     310      9.93154
     311      9.66577
     312      9.64038
     313      9.60538
     314      9.45731
     315      9.39385
     316      9.24692
     317      9.08731
     318      8.95692
     319      8.80923
     320      8.66885
     321      8.61231
     322      8.46692
     323      8.39308
     324      8.30846
     325      8.22885
     326      8.08154
     327      7.92808
     328      7.70885
     329      7.61769
     330      7.55885
     331      7.46192
     332      7.34462
     333      7.27385
     334      7.15500
     335      7.07500
     336      6.97461
     337      6.81846
     338      6.37962
     339      6.24885
     340      6.20885
     341      6.12038
     342      6.18269
     343      6.08115
     344      5.97885
     345      5.79154
     346      5.78154
     347      5.63808
     348      5.54231
     349      5.47154
     350      5.26077
     351      5.21961
     352      5.08615
     353      5.05154
     354      5.00577
     355      4.87654
     356      4.84423
     357      4.77500
     358      4.70539
     359      4.65462
     360      4.55346
     361      4.44423
     362      4.44269
     363      4.40769
     364      4.29769
     365      4.06370
     366      4.50000
