       1      3.16391
       2      3.07174
       3      3.05217
       4      3.01652
       5      3.04652
       6      3.01565
       7      2.96000
       8      2.93522
       9      2.93348
      10      2.91304
      11      2.88652
      12      2.83609
      13      2.80435
      14      2.66478
      15      2.61739
      16      2.49696
      17      2.33348
      18      2.30522
      19      2.22435
      20      2.10391
      21      2.03087
      22      1.94957
      23      1.86522
      24      1.83522
      25      1.80043
      26      1.77304
      27      1.75957
      28      1.69435
      29      1.65957
      30      1.59087
      31      1.56696
      32      1.53957
      33      1.49957
      34      1.50478
      35      1.53304
      36      1.51217
      37      1.42913
      38      1.44783
      39      1.33522
      40      1.33609
      41      1.30870
      42      1.29087
      43      1.28174
      44      1.24957
      45      1.21739
      46      1.20696
      47      1.19348
      48      1.14696
      49      1.11043
      50      1.11739
      51      1.08870
      52      1.10130
      53      1.08391
      54      1.09000
      55      1.07348
      56      1.06087
      57      1.05609
      58      1.00217
      59      1.01478
      60     0.999565
      61     0.946250
      62     0.930000
      63     0.927500
      64     0.965417
      65     0.888750
      66     0.882917
      67     0.870417
      68     0.908333
      69     0.963334
      70     0.936000
      71     0.959600
      72      1.00440
      73      1.02120
      74     0.912000
      75     0.906800
      76     0.968750
      77     0.986667
      78     0.956400
      79     0.958400
      80     0.942000
      81     0.958400
      82     0.984400
      83      1.02320
      84      1.04440
      85     0.971600
      86     0.956000
      87      1.02040
      88      1.00160
      89      1.02583
      90     0.975833
      91     0.934167
      92     0.955417
      93     0.991250
      94      1.06750
      95      1.08042
      96      1.15917
      97      1.19042
      98      1.18375
      99      1.15208
     100      1.18440
     101      1.25125
     102      1.28292
     103      1.34913
     104      1.36348
     105      1.34708
     106      1.47125
     107      1.49167
     108      1.57417
     109      1.51625
     110      1.59042
     111      1.54120
     112      1.61167
     113      1.51400
     114      1.65040
     115      1.66600
     116      1.72480
     117      1.77480
     118      1.83160
     119      1.82560
     120      1.91560
     121      1.93240
     122      2.02480
     123      2.07240
     124      2.10840
     125      2.20360
     126      2.27640
     127      2.29360
     128      2.30640
     129      2.36840
     130      2.44080
     131      2.49440
     132      2.52040
     133      2.55800
     134      2.66240
     135      2.69600
     136      2.75200
     137      2.81240
     138      2.91040
     139      2.92000
     140      2.98880
     141      3.04960
     142      3.12640
     143      3.28560
     144      3.40000
     145      3.49160
     146      3.51520
     147      3.66760
     148      3.66600
     149      3.86320
     150      3.96640
     151      3.98360
     152      3.98640
     153      4.15000
     154      4.21280
     155      4.28080
     156      4.36680
     157      4.42720
     158      4.51240
     159      4.69760
     160      4.78520
     161      4.91480
     162      5.03520
     163      5.22200
     164      5.24640
     165      5.48280
     166      5.54560
     167      5.71600
     168      5.94080
     169      6.01080
     170      6.09560
     171      6.24440
     172      6.27840
     173      6.54480
     174      6.86320
     175      7.12800
     176      7.27600
     177      7.48400
     178      7.44120
     179      7.64600
     180      7.98040
     181      8.03320
     182      7.89560
     183      7.89240
     184      8.24720
     185      8.28760
     186      8.40640
     187      8.73280
     188      9.10520
     189      9.35400
     190      9.59080
     191      9.78640
     192      10.0864
     193      10.3696
     194      10.7068
     195      10.9048
     196      11.0776
     197      11.2656
     198      11.5352
     199      11.8244
     200      12.0116
     201      12.2204
     202      12.4688
     203      12.6584
     204      12.8380
     205      13.1368
     206      13.2124
     207      13.5948
     208      13.4740
     209      13.6092
     210      13.8224
     211      14.0080
     212      14.0696
     213      14.3016
     214      14.4284
     215      14.7476
     216      14.9828
     217      14.8708
     218      15.0176
     219      15.3536
     220      15.4432
     221      15.4668
     222      15.4748
     223      15.6692
     224      15.6740
     225      15.8892
     226      15.8380
     227      15.8620
     228      15.7172
     229      15.5676
     230      15.5296
     231      15.6720
     232      15.7372
     233      15.5248
     234      15.5548
     235      15.5608
     236      15.5404
     237      15.7328
     238      15.8524
     239      15.7852
     240      15.8012
     241      15.8056
     242      15.8116
     243      15.8508
     244      15.9324
     245      15.9024
     246      15.8348
     247      15.8468
     248      15.7432
     249      15.6764
     250      15.5248
     251      15.4316
     252      15.4136
     253      15.1764
     254      14.9720
     255      14.7724
     256      14.5852
     257      14.4036
     258      14.2288
     259      14.1148
     260      14.0184
     261      13.8516
     262      13.7920
     263      13.6404
     264      13.5572
     265      13.4580
     266      13.3384
     267      13.1660
     268      13.0976
     269      12.9416
     270      12.8844
     271      12.7448
     272      12.4632
     273      12.3404
     274      12.1928
     275      11.9460
     276      11.8372
     277      11.6468
     278      11.4824
     279      11.3644
     280      11.2460
     281      11.0648
     282      10.8580
     283      10.7132
     284      10.6064
     285      10.4340
     286      10.2936
     287      10.1296
     288      9.87920
     289      9.72040
     290      9.59280
     291      9.46520
     292      9.33840
     293      9.21720
     294      9.09560
     295      8.90280
     296      8.86160
     297      8.77400
     298      8.58808
     299      8.48731
     300      8.44269
     301      8.28115
     302      8.06731
     303      7.95385
     304      7.97423
     305      7.85885
     306      7.81577
     307      7.75769
     308      7.64000
     309      7.43423
     310      7.42154
     311      7.33615
     312      7.23192
     313      7.04962
     314      6.97231
     315      6.81846
     316      6.73500
     317      6.70846
     318      6.62308
     319      6.52038
     320      6.53000
     321      6.50692
     322      6.46115
     323      6.39885
     324      6.14346
     325      5.99346
     326      5.90923
     327      5.84577
     328      5.83231
     329      5.64423
     330      5.55654
     331      5.49885
     332      5.44346
     333      5.38462
     334      5.32615
     335      5.10731
     336      5.06346
     337      5.01654
     338      4.73385
     339      4.66923
     340      4.61115
     341      4.54423
     342      4.52539
     343      4.42346
     344      4.34308
     345      4.30308
     346      4.28115
     347      4.23692
     348      4.09846
     349      4.08000
     350      4.00885
     351      3.95192
     352      3.92000
     353      3.88269
     354      3.81654
     355      3.75077
     356      3.76038
     357      3.59231
     358      3.59577
     359      3.56654
     360      3.50538
     361      3.45692
     362      3.35385
     363      3.31692
     364      3.19000
     365      3.01333
     366      3.35667
