       1      3.83478
       2      3.72217
       3      3.72348
       4      3.63261
       5      3.55957
       6      3.48783
       7      3.40000
       8      3.08783
       9      3.03652
      10      2.81957
      11      2.79000
      12      2.69696
      13      2.66478
      14      2.59522
      15      2.56522
      16      2.45652
      17      2.29739
      18      2.26261
      19      2.18087
      20      2.15174
      21      2.03130
      22      1.96913
      23      1.84522
      24      1.82348
      25      1.85000
      26      1.80522
      27      1.80000
      28      1.72652
      29      1.68696
      30      1.48500
      31      1.44833
      32      1.45500
      33      1.40917
      34      1.37375
      35      1.31000
      36      1.26000
      37      1.24542
      38      1.25583
      39      1.19708
      40      1.14292
      41      1.12708
      42      1.07000
      43      1.05292
      44     0.984583
      45     0.949167
      46     0.957500
      47     0.955000
      48     0.953750
      49     0.880000
      50     0.906250
      51     0.896250
      52     0.902500
      53     0.847500
      54     0.869583
      55     0.843750
      56     0.835000
      57     0.829167
      58     0.779583
      59     0.778750
      60     0.758333
      61     0.770417
      62     0.748333
      63     0.740000
      64     0.738333
      65     0.760417
      66     0.768750
      67     0.765000
      68     0.786667
      69     0.818333
      70     0.776800
      71     0.782800
      72     0.829200
      73     0.809200
      74     0.815600
      75     0.832800
      76     0.826000
      77     0.846400
      78     0.897200
      79     0.918800
      80     0.950400
      81     0.970800
      82     0.953200
      83     0.972000
      84     0.948000
      85     0.990000
      86     0.946400
      87     0.988800
      88      1.06120
      89      1.05760
      90      1.06880
      91     0.990000
      92      1.01560
      93      1.12000
      94      1.21040
      95      1.23320
      96      1.26200
      97      1.31200
      98      1.34560
      99      1.37080
     100      1.48040
     101      1.51040
     102      1.54080
     103      1.66880
     104      1.69800
     105      1.78160
     106      1.89480
     107      1.90920
     108      1.98720
     109      2.04040
     110      2.11520
     111      2.19160
     112      2.30320
     113      2.41880
     114      2.42280
     115      2.51520
     116      2.58160
     117      2.68600
     118      2.77680
     119      2.89240
     120      2.99880
     121      3.13120
     122      3.25200
     123      3.41880
     124      3.57040
     125      3.71120
     126      3.86160
     127      3.83680
     128      3.99000
     129      4.01720
     130      4.18560
     131      4.18080
     132      4.38440
     133      4.50200
     134      4.60360
     135      5.06920
     136      5.09960
     137      4.97880
     138      5.18960
     139      5.55880
     140      5.69200
     141      5.81400
     142      5.96200
     143      6.05960
     144      6.19440
     145      6.52120
     146      6.79600
     147      7.01760
     148      7.17720
     149      7.45000
     150      7.72720
     151      7.85320
     152      7.87080
     153      8.07200
     154      7.98520
     155      8.26600
     156      8.45440
     157      9.11880
     158      9.23200
     159      9.27120
     160      9.56920
     161      9.76520
     162      10.1740
     163      10.3944
     164      10.7864
     165      11.2200
     166      11.4976
     167      11.6520
     168      12.0420
     169      12.3132
     170      12.3792
     171      12.7080
     172      12.7544
     173      13.2896
     174      13.5420
     175      13.7852
     176      14.3300
     177      14.3316
     178      14.5080
     179      14.7820
     180      14.9540
     181      15.0224
     182      15.1732
     183      15.0200
     184      15.2276
     185      15.4444
     186      15.7240
     187      15.9272
     188      16.1416
     189      16.2784
     190      16.3820
     191      16.4712
     192      16.7212
     193      17.0364
     194      17.3268
     195      17.7104
     196      17.7824
     197      17.8368
     198      18.0544
     199      18.2524
     200      18.2948
     201      18.4016
     202      18.4072
     203      18.7576
     204      18.7992
     205      18.8648
     206      18.8380
     207      18.8692
     208      19.0076
     209      19.1404
     210      19.2720
     211      19.5272
     212      19.7048
     213      19.7372
     214      19.8208
     215      19.8452
     216      19.8160
     217      19.6700
     218      19.6432
     219      19.6596
     220      19.8604
     221      19.8444
     222      19.8388
     223      19.8288
     224      19.8552
     225      19.8380
     226      19.8832
     227      19.8572
     228      19.8888
     229      19.7140
     230      19.9008
     231      19.8636
     232      19.7360
     233      19.6792
     234      19.5340
     235      19.3348
     236      19.4028
     237      19.3728
     238      19.5192
     239      19.5792
     240      19.4896
     241      19.5100
     242      19.4396
     243      19.3492
     244      19.3884
     245      19.3764
     246      19.4004
     247      19.3168
     248      19.2280
     249      19.1560
     250      18.9568
     251      18.9824
     252      18.9028
     253      18.8172
     254      18.4640
     255      18.3528
     256      18.1496
     257      18.0532
     258      17.9120
     259      17.8272
     260      17.4528
     261      17.3780
     262      17.3624
     263      17.2344
     264      17.1480
     265      16.9968
     266      16.8020
     267      16.7056
     268      16.6468
     269      16.5660
     270      16.4108
     271      16.2000
     272      15.9628
     273      15.7156
     274      15.4312
     275      15.2508
     276      15.1220
     277      14.8652
     278      14.6120
     279      14.5208
     280      14.2820
     281      14.1864
     282      14.0952
     283      14.0208
     284      13.8352
     285      13.6884
     286      13.4284
     287      13.2696
     288      12.9844
     289      12.7920
     290      12.5296
     291      12.4108
     292      12.2544
     293      12.0492
     294      11.9084
     295      11.7480
     296      11.6248
     297      11.3808
     298      11.2219
     299      10.9877
     300      10.8958
     301      10.6854
     302      10.5435
     303      10.3427
     304      10.2658
     305      10.1750
     306      10.0554
     307      9.98423
     308      9.88500
     309      9.69962
     310      9.57192
     311      9.41461
     312      9.29500
     313      9.21769
     314      9.06885
     315      8.91077
     316      8.67808
     317      8.60769
     318      8.52115
     319      8.39231
     320      8.29462
     321      8.01231
     322      7.90154
     323      7.82462
     324      7.72846
     325      7.61038
     326      7.45846
     327      7.35077
     328      7.29769
     329      7.22077
     330      7.13731
     331      7.06231
     332      6.96461
     333      6.82423
     334      6.71039
     335      6.62308
     336      6.58077
     337      6.49539
     338      6.31769
     339      6.06346
     340      5.95462
     341      5.82077
     342      5.70962
     343      5.55461
     344      5.44077
     345      5.30962
     346      5.25231
     347      5.10154
     348      5.03808
     349      4.89923
     350      4.76115
     351      4.68154
     352      4.58308
     353      4.54000
     354      4.53308
     355      4.43654
     356      4.42885
     357      4.35577
     358      4.31692
     359      4.25423
     360      4.20731
     361      4.11615
     362      3.99192
     363      3.89885
     364      3.80962
     365      3.57185
     366      4.01833
